t	rsl
0	1.705
0.125	1.642
0.25	1.018
0.375	-0.066
0.5	-0.838
0.625	-0.688
0.75	-0.129
0.875	-0.096
1	-0.521
1.125	-0.63
1.25	-0.272
1.375	3.83E-03
1.5	0.024
1.625	0.361
1.75	1.391
1.875	2.421
2	2.34E+00
2.125	1.118
2.25	-0.117
2.375	-6.02E-01
2.5	-0.74
2.625	-1.134
2.75	-1.708
2.875	-2.09
3	-2.202
3.125	-2.07
3.25	-1.616
3.375	-9.94E-01
3.5	-0.691
3.625	-1.115
3.75	-2.267
3.875	-3.741
4	-4.95
4.125	-5.544
4.25	-5.679
4.375	-5.81
4.5	-6.334
4.625	-7.44
4.75	-9.086
4.875	-10.822
5	-11.832
5.125	-11.641
5.25	-10.69
5.375	-9.777
5.5	-9.115
5.625	-8.381
5.75	-7.468
5.875	-6.549
6	-5.717
6.125	-5.141
6.25	-5.125
6.375	-5.634
6.5	-6.118
6.625	-6.053
6.75	-5.609
6.875	-5.602
7	-6.806
7.125	-9.281
7.25	-12.11
7.375	-14.079
7.5	-14.856
7.625	-15.098
7.75	-15.512
7.875	-16.259
8	-17.07
8.125	-17.633
8.25	-18.012
8.375	-18.508
8.5	-19.163
8.625	-19.775
8.75	-20.265
8.875	-20.534
9	-20.458
9.125	-20.376
9.25	-20.933
9.375	-22.298
9.5	-24.028
9.625	-25.611
9.75	-26.829
9.875	-27.735
10	-28.441
10.125	-29.013
10.25	-29.547
10.375	-30.281
10.5	-31.476
10.625	-33.009
10.75	-34.349
10.875	-35.119
11	-35.719
11.125	-37.424
11.25	-41.617
11.375	-48.755
11.5	-57.34
11.625	-64.475
11.75	-68.616
11.875	-70.465
12	-71.302
12.125	-71.946
12.25	-72.715
12.375	-73.515
12.5	-74.051
12.625	-74.144
12.75	-73.904
12.875	-73.633
13	-73.555
13.125	-73.679
13.25	-73.862
13.375	-73.977
13.5	-74.071
13.625	-74.297
13.75	-74.699
13.875	-75.155
14	-75.488
14.125	-75.663
14.25	-75.842
14.375	-76.154
14.5	-76.563
14.625	-76.969
14.75	-77.327
14.875	-77.671
15	-78.045
15.125	-78.485
15.25	-79.03
15.375	-79.644
15.5	-80.216
15.625	-80.722
15.75	-81.174
15.875	-81.493
16	-81.665
16.125	-81.85
16.25	-82.196
16.375	-82.707
16.5	-83.298
16.625	-83.843
16.75	-84.247
16.875	-84.498
17	-84.601
17.125	-84.59
17.25	-84.601
17.375	-84.777
17.5	-85.128
17.625	-85.565
17.75	-86.012
17.875	-86.487
18	-87.08
18.125	-87.838
18.25	-88.734
18.375	-89.73
18.5	-90.693
18.625	-91.415
18.75	-91.87
18.875	-92.255
19	-92.748
19.125	-93.382
19.25	-94.107
19.375	-94.853
19.5	-95.546
19.625	-96.204
19.75	-97.055
19.875	-98.263
20	-99.607
20.125	-100.746
20.25	-101.625
20.375	-102.386
20.5	-103.07
20.625	-103.671
20.75	-104.437
20.875	-105.72
21	-107.319
21.125	-108.484
21.25	-108.855
21.375	-108.812
21.5	-108.782
21.625	-108.758
21.75	-108.631
21.875	-108.479
22	-108.418
22.125	-108.501
22.25	-108.743
22.375	-109.118
22.5	-109.54
22.625	-109.889
22.75	-110.058
22.875	-110.032
23	-109.905
23.125	-109.752
23.25	-109.589
23.375	-109.439
23.5	-109.303
23.625	-109.069
23.75	-108.558
23.875	-107.754
24	-106.947
24.125	-106.463
24.25	-106.311
24.375	-106.273
24.5	-106.176
24.625	-105.959
24.75	-105.656
24.875	-105.332
25	-105.002
25.125	-104.656
25.25	-104.291
25.375	-103.86
25.5	-103.341
25.625	-102.851
25.75	-102.527
25.875	-102.376
26	-102.3
26.125	-102.184
26.25	-101.975
26.375	-101.735
26.5	-101.601
26.625	-101.634
26.75	-101.764
26.875	-101.93
27	-102.162
27.125	-102.519
27.25	-103.029
27.375	-103.594
27.5	-104.023
27.625	-104.213
27.75	-104.209
27.875	-104.118
28	-104.072
28.125	-104.161
28.25	-104.368
28.375	-104.621
28.5	-104.809
28.625	-104.816
28.75	-104.655
28.875	-104.467
29	-104.324
29.125	-104.148
29.25	-103.823
29.375	-103.358
29.5	-102.897
29.625	-102.488
29.75	-101.891
29.875	-100.846
30	-99.442
30.125	-98.072
30.25	-97.065
30.375	-96.461
30.5	-96.067
30.625	-95.62
30.75	-94.812
30.875	-93.425
31	-91.632
31.125	-89.916
31.25	-88.61
31.375	-87.74
31.5	-87.168
31.625	-86.631
31.75	-85.913
31.875	-85.095
32	-84.43
32.125	-84.061
32.25	-83.986
32.375	-84.215
32.5	-84.788
32.625	-85.557
32.75	-86.126
32.875	-86.196
33	-85.786
33.125	-85.115
33.25	-84.474
33.375	-84.073
33.5	-83.944
33.625	-84.048
33.75	-84.411
33.875	-85.078
34	-86.027
34.125	-87.153
34.25	-88.243
34.375	-88.996
34.5	-89.179
34.625	-88.764
34.75	-87.883
34.875	-86.658
35	-85.191
35.125	-83.621
35.25	-81.985
35.375	-80.302
35.5	-78.756
35.625	-77.505
35.75	-76.552
35.875	-75.859
36	-75.364
36.125	-74.914
36.25	-74.373
36.375	-73.784
36.5	-73.333
36.625	-73.033
36.75	-72.665
36.875	-72.239
37	-72.191
37.125	-73.003
37.25	-74.798
37.375	-77.193
37.5	-79.662
37.625	-81.968
37.75	-83.953
37.875	-85.368
38	-86.234
38.125	-86.751
38.25	-86.877
38.375	-86.485
38.5	-85.677
38.625	-84.751
38.75	-84.096
38.875	-83.984
39	-84.261
39.125	-84.459
39.25	-84.365
39.375	-84.19
39.5	-84.143
39.625	-84.148
39.75	-84.002
39.875	-83.617
40	-83.108
40.125	-82.662
40.25	-82.339
40.375	-82.157
40.5	-82.127
40.625	-82.117
40.75	-81.917
40.875	-81.464
41	-80.951
41.125	-80.671
41.25	-80.783
41.375	-81.265
41.5	-81.953
41.625	-82.666
41.75	-83.274
41.875	-83.645
42	-83.8
42.125	-83.89
42.25	-83.903
42.375	-83.725
42.5	-83.385
42.625	-82.959
42.75	-82.446
42.875	-81.872
43	-81.365
43.125	-81.064
43.25	-80.998
43.375	-81.077
43.5	-81.139
43.625	-81.022
43.75	-80.661
43.875	-80.127
44	-79.54
44.125	-79.007
44.25	-78.65
44.375	-78.55
44.5	-78.642
44.625	-78.73
44.75	-78.632
44.875	-78.335
45	-77.915
45.125	-77.459
45.25	-77.08
45.375	-76.802
45.5	-76.499
45.625	-76.143
45.75	-76.048
45.875	-76.581
46	-77.612
46.125	-78.572
46.25	-79.076
46.375	-79.353
46.5	-80.018
46.625	-81.313
46.75	-82.712
46.875	-83.55
47	-83.841
47.125	-84.075
47.25	-84.481
47.375	-84.867
47.5	-85.09
47.625	-85.328
47.75	-85.76
47.875	-86.177
48	-86.19
48.125	-85.71
48.25	-84.962
48.375	-84.12
48.5	-83.21
48.625	-82.35
48.75	-81.7
48.875	-81.243
49	-80.932
49.125	-80.793
49.25	-80.697
49.375	-80.366
49.5	-79.677
49.625	-78.747
49.75	-77.792
49.875	-77.058
50	-76.707
50.125	-76.671
50.25	-76.667
50.375	-76.407
50.5	-75.855
50.625	-75.184
50.75	-74.523
50.875	-73.912
51	-73.423
51.125	-73.079
51.25	-72.729
51.375	-72.251
51.5	-71.754
51.625	-71.351
51.75	-70.883
51.875	-70.249
52	-69.768
52.125	-69.709
52.25	-69.855
52.375	-69.913
52.5	-69.865
52.625	-69.741
52.75	-69.584
52.875	-69.59
53	-69.842
53.125	-70.124
53.25	-70.262
53.375	-70.429
53.5	-70.856
53.625	-71.397
53.75	-71.68
53.875	-71.64
54	-71.652
54.125	-72.009
54.25	-72.478
54.375	-72.653
54.5	-72.477
54.625	-72.282
54.75	-72.504
54.875	-73.268
55	-74.176
55.125	-74.68
55.25	-74.545
55.375	-73.894
55.5	-73.073
55.625	-72.502
55.75	-72.434
55.875	-72.715
56	-72.952
56.125	-72.983
56.25	-72.871
56.375	-72.641
56.5	-72.35
56.625	-72.092
56.75	-71.803
56.875	-71.373
57	-70.891
57.125	-70.571
57.25	-70.357
57.375	-69.876
57.5	-68.956
57.625	-67.824
57.75	-66.777
57.875	-65.97
58	-65.535
58.125	-65.592
58.25	-65.964
58.375	-66.284
58.5	-66.412
58.625	-66.427
58.75	-66.439
58.875	-66.591
59	-66.925
59.125	-67.263
59.25	-67.509
59.375	-67.757
59.5	-67.999
59.625	-68.111
59.75	-68.144
59.875	-68.292
60	-68.607
60.125	-68.984
60.25	-69.303
60.375	-69.471
60.5	-69.479
60.625	-69.528
60.75	-69.786
60.875	-70.102
61	-70.435
61.125	-71.346
61.25	-73.719
61.375	-77.795
61.5	-82.488
61.625	-86.403
61.75	-89.176
61.875	-91.028
62	-92.176
62.125	-92.976
62.25	-93.792
62.375	-94.75
62.5	-95.738
62.625	-96.566
62.75	-97.227
62.875	-97.844
63	-98.423
63.125	-98.862
63.25	-99.101
63.375	-99.224
63.5	-99.406
63.625	-99.674
63.75	-99.807
63.875	-99.64
64	-99.299
64.125	-99.018
64.25	-98.883
64.375	-98.844
64.5	-98.847
64.625	-98.888
64.75	-98.973
64.875	-99.008
65	-98.818
65.125	-98.426
65.25	-98.065
65.375	-97.816
65.5	-97.642
65.625	-97.567
65.75	-97.425
65.875	-96.873
66	-95.878
66.125	-94.842
66.25	-94.167
66.375	-93.91
66.5	-93.85
66.625	-93.871
66.75	-94.119
66.875	-94.642
67	-95.162
67.125	-95.426
67.25	-95.567
67.375	-95.807
67.5	-96.079
67.625	-96.222
67.75	-96.202
67.875	-96.071
68	-95.889
68.125	-95.63
68.25	-95.154
68.375	-94.366
68.5	-93.317
68.625	-92.086
68.75	-90.69
68.875	-89.217
69	-87.862
69.125	-86.829
69.25	-86.183
69.375	-85.717
69.5	-85.088
69.625	-84.202
69.75	-83.262
69.875	-82.452
70	-81.822
70.125	-81.327
70.25	-80.816
70.375	-80.141
70.5	-79.297
70.625	-78.398
70.75	-77.563
70.875	-76.769
71	-75.765
71.125	-74.318
71.25	-72.453
71.375	-70.098
71.5	-67.082
71.625	-63.94
71.75	-61.884
71.875	-61.658
72	-62.867
72.125	-64.458
72.25	-65.537
72.375	-65.802
72.5	-65.631
72.625	-65.613
72.75	-65.787
72.875	-65.925
73	-66.284
73.125	-67.163
73.25	-68.149
73.375	-68.615
73.5	-68.618
73.625	-68.631
73.75	-68.773
73.875	-68.862
74	-68.934
74.125	-69.249
74.25	-69.806
74.375	-70.221
74.5	-70.261
74.625	-70.056
74.75	-69.641
74.875	-69.008
75	-68.429
75.125	-68.128
75.25	-68.023
75.375	-67.963
75.5	-67.81
75.625	-67.247
75.75	-65.828
75.875	-63.251
76	-59.892
76.125	-57.198
76.25	-56.42
76.375	-56.819
76.5	-56.704
76.625	-55.816
76.75	-55.208
76.875	-55.362
77	-55.674
77.125	-55.608
77.25	-55.358
77.375	-55.405
77.5	-55.942
77.625	-56.803
77.75	-57.627
77.875	-58.078
78	-58.059
78.125	-57.882
78.25	-58.185
78.375	-59.278
78.5	-60.65
78.625	-61.481
78.75	-61.429
78.875	-60.649
79	-59.336
79.125	-57.673
79.25	-55.921
79.375	-54.329
79.5	-53.15
79.625	-52.567
79.75	-52.466
79.875	-52.488
80	-52.301
80.125	-51.929
80.25	-51.719
80.375	-51.843
80.5	-52.115
80.625	-52.308
80.75	-52.305
80.875	-51.983
81	-51.374
81.125	-50.824
81.25	-50.624
81.375	-50.583
81.5	-50.257
81.625	-49.424
81.75	-48.224
81.875	-47.036
82	-46.131
82.125	-45.299
82.25	-44.169
82.375	-42.855
82.5	-41.831
82.625	-41.31
82.75	-41.077
82.875	-40.915
83	-40.897
83.125	-41.11
83.25	-41.342
83.375	-41.319
83.5	-41.018
83.625	-40.57
83.75	-40.066
83.875	-39.498
84	-38.783
84.125	-37.867
84.25	-36.886
84.375	-36.119
84.5	-35.684
84.625	-35.443
84.75	-35.267
84.875	-35.179
85	-35.217
85.125	-35.379
85.25	-35.69
85.375	-36.306
85.5	-37.433
85.625	-39.208
85.75	-41.859
85.875	-45.569
86	-49.976
86.125	-54.101
86.25	-57.062
86.375	-59.014
86.5	-61.086
86.625	-64.202
86.75	-68.01
86.875	-71.26
87	-73.147
87.125	-73.752
87.25	-73.56
87.375	-73.214
87.5	-73.225
87.625	-73.597
87.75	-74.079
87.875	-74.456
88	-74.381
88.125	-73.525
88.25	-71.959
88.375	-70.19
88.5	-68.704
88.625	-67.457
88.75	-66.278
88.875	-65.331
89	-64.648
89.125	-63.872
89.25	-62.75
89.375	-61.258
89.5	-59.491
89.625	-57.793
89.75	-56.472
89.875	-55.415
90	-54.535
90.125	-54.091
90.25	-54.186
90.375	-54.54
90.5	-54.769
90.625	-54.654
90.75	-54.358
90.875	-54.221
91	-54.248
91.125	-54.142
91.25	-53.767
91.375	-53.324
91.5	-53.132
91.625	-53.362
91.75	-53.775
91.875	-53.862
92	-53.494
92.125	-53.138
92.25	-53.21
92.375	-53.59
92.5	-53.89
92.625	-53.91
92.75	-53.756
92.875	-53.59
93	-53.44
93.125	-53.335
93.25	-53.398
93.375	-53.648
93.5	-53.853
93.625	-53.72
93.75	-53.26
93.875	-52.787
94	-52.446
94.125	-52.043
94.25	-51.486
94.375	-51.047
94.5	-50.943
94.625	-51.005
94.75	-51.026
94.875	-51.113
95	-51.443
95.125	-51.789
95.25	-51.663
95.375	-50.97
95.5	-50.024
95.625	-48.942
95.75	-47.694
95.875	-46.683
96	-46.47
96.125	-46.865
96.25	-47.033
96.375	-46.512
96.5	-45.55
96.625	-44.706
96.75	-44.355
96.875	-44.159
97	-43.379
97.125	-42.106
97.25	-41.39
97.375	-41.701
97.5	-42.186
97.625	-41.876
97.75	-40.859
97.875	-39.825
98	-39.098
98.125	-38.599
98.25	-38.339
98.375	-38.45
98.5	-38.779
98.625	-38.911
98.75	-38.777
98.875	-38.684
99	-38.701
99.125	-38.615
99.25	-38.345
99.375	-37.993
99.5	-37.722
99.625	-37.683
99.75	-37.822
99.875	-37.938
100	-37.965
100.125	-37.918
100.25	-37.724
100.375	-37.389
100.5	-37.166
100.625	-37.296
100.75	-37.649
100.875	-37.864
101	-37.837
101.125	-37.68
101.25	-37.344
101.375	-36.766
101.5	-36.166
101.625	-35.948
101.75	-36.352
101.875	-37.217
102	-38.148
102.125	-38.779
102.25	-38.76
102.375	-37.738
102.5	-35.623
102.625	-33.019
102.75	-31.008
102.875	-30.207
103	-30.382
103.125	-31.044
103.25	-31.965
103.375	-32.99
103.5	-33.852
103.625	-34.426
103.75	-34.741
103.875	-34.79
104	-34.796
104.125	-35.315
104.25	-36.557
104.375	-37.994
104.5	-38.901
104.625	-39.055
104.75	-38.895
104.875	-39.106
105	-39.771
105.125	-39.991
105.25	-38.865
105.375	-36.592
105.5	-34.22
105.625	-32.713
105.75	-32.503
105.875	-33.241
106	-33.834
106.125	-33.326
106.25	-31.917
106.375	-30.742
106.5	-30.572
106.625	-31.16
106.75	-31.761
106.875	-31.759
107	-30.984
107.125	-29.931
107.25	-29.458
107.375	-30.036
107.5	-31.473
107.625	-33.231
107.75	-34.766
107.875	-35.889
108	-36.803
108.125	-37.609
108.25	-38.207
108.375	-38.735
108.5	-39.547
108.625	-40.777
108.75	-42.448
108.875	-44.607
109	-46.866
109.125	-48.426
109.25	-48.89
109.375	-48.739
109.5	-48.927
109.625	-49.989
109.75	-51.762
109.875	-53.712
110	-55.107
110.125	-55.431
110.25	-54.761
110.375	-53.236
110.5	-50.764
110.625	-47.566
110.75	-44.449
110.875	-42.225
111	-41.005
111.125	-40.264
111.25	-39.411
111.375	-38.339
111.5	-37.538
111.625	-37.619
111.75	-38.669
111.875	-39.891
112	-40.313
112.125	-40.078
112.25	-39.912
112.375	-39.824
112.5	-39.649
112.625	-39.579
112.75	-39.463
112.875	-38.624
113	-36.807
113.125	-34.748
113.25	-33.447
113.375	-33.224
113.5	-33.609
113.625	-33.993
113.75	-34.174
113.875	-34.082
114	-33.49
114.125	-32.668
114.25	-32.557
114.375	-33.607
114.5	-35.265
114.625	-36.868
114.75	-38.15
114.875	-38.869
115	-38.818
115.125	-38.196
115.25	-37.552
115.375	-37.229
115.5	-37.049
115.625	-36.596
115.75	-35.686
115.875	-34.642
116	-33.981
116.125	-33.816
116.25	-33.907
116.375	-34.039
116.5	-34.028
116.625	-33.602
116.75	-32.542
116.875	-31.032
117	-29.707
117.125	-29.077
117.25	-29.003
117.375	-29.006
117.5	-28.921
117.625	-28.859
117.75	-28.806
117.875	-28.656
118	-28.3
118.125	-27.488
118.25	-26.112
118.375	-24.582
118.5	-23.291
118.625	-22.057
118.75	-20.738
118.875	-19.788
119	-19.677
119.125	-20.231
119.25	-20.77
119.375	-20.678
119.5	-19.833
119.625	-18.642
119.75	-17.648
119.875	-17
120	-16.46
120.125	-15.794
120.25	-14.973
120.375	-14.243
120.5	-13.931
120.625	-14.08
120.75	-14.467
120.875	-14.847
121	-14.978
121.125	-14.732
121.25	-14.158
121.375	-13.289
121.5	-12.246
121.625	-11.461
121.75	-11.273
121.875	-11.416
122	-11.429
122.125	-11.21
122.25	-10.776
122.375	-10.069
122.5	-9.271
122.625	-8.795
122.75	-8.817
122.875	-8.936
123	-8.455
123.125	-7.22
123.25	-5.808
123.375	-4.768
123.5	-4.297
123.625	-4.471
123.75	-5.048
123.875	-5.424
124	-5.282
124.125	-4.799
124.25	-4.216
124.375	-3.752
124.5	-3.746
124.625	-4.385
124.75	-5.33E+00
124.875	-5.876
125	-5.592
125.125	-4.769
125.25	-4.067
125.375	-3.804
125.5	-3.737
125.625	-3.461
125.75	-2.903
125.875	-2.439
126	-2.377
126.125	-2.49
126.25	-2.338
126.375	-1.8
126.5	-1.039
126.625	-0.193
126.75	0.606
126.875	1.17
127	1.47
127.125	1.75E+00
127.25	2.281
127.375	3.084
127.5	3.917
127.625	4.47
127.75	4.669
127.875	4.622
128	4.435
128.125	4.239
128.25	4.072
128.375	3.865
128.5	3.681
128.625	3.582
128.75	3.456
128.875	3.274
129	2.909
129.125	1.972
129.25	0.582
129.375	-0.592
129.5	-1.477
129.625	-2.658
129.75	-4.176
129.875	-5.362
130	-5.914
130.125	-6.267
130.25	-7.117
130.375	-8.843
130.5	-11.115
130.625	-13.213
130.75	-14.73
130.875	-15.751
131	-16.438
131.125	-16.855
131.25	-17.172
131.375	-17.684
131.5	-18.546
131.625	-19.592
131.75	-20.456
131.875	-21.269
132	-22.954
132.125	-26.189
132.25	-30.758
132.375	-35.758
132.5	-39.936
132.625	-43.021
132.75	-46.544
132.875	-51.865
133	-57.928
133.125	-62.589
133.25	-65.378
133.375	-67.187
133.5	-68.676
133.625	-70.032
133.75	-71.165
133.875	-71.98
134	-72.643
134.125	-73.351
134.25	-74.043
134.375	-74.553
134.5	-74.861
134.625	-75.067
134.75	-75.217
134.875	-75.305
135	-75.368
135.125	-75.475
135.25	-75.654
135.375	-75.802
135.5	-75.745
135.625	-75.424
135.75	-74.971
135.875	-74.585
136	-74.369
136.125	-74.332
136.25	-74.467
136.375	-74.727
136.5	-75.094
136.625	-75.663
136.75	-76.468
136.875	-77.32
137	-77.906
137.125	-78.085
137.25	-78.092
137.375	-78.226
137.5	-78.496
137.625	-78.873
137.75	-79.458
137.875	-80.046
138	-80.148
138.125	-79.707
138.25	-79.365
138.375	-79.712
138.5	-80.491
138.625	-81.242
138.75	-82.107
138.875	-83.209
139	-84.236
139.125	-85.053
139.25	-85.97
139.375	-87.269
139.5	-88.889
139.625	-90.465
139.75	-91.409
139.875	-91.455
140	-91.167
140.125	-91.383
140.25	-92.1
140.375	-92.625
140.5	-92.859
140.625	-93.303
140.75	-93.983
140.875	-94.486
141	-94.642
141.125	-94.578
141.25	-94.479
141.375	-94.455
141.5	-94.444
141.625	-94.251
141.75	-93.84
141.875	-93.58
142	-93.863
142.125	-94.571
142.25	-95.249
142.375	-95.557
142.5	-95.377
142.625	-94.806
142.75	-94.086
142.875	-93.49
143	-93.242
143.125	-93.274
143.25	-93.201
143.375	-92.811
143.5	-92.297
143.625	-91.962
143.75	-91.947
143.875	-92.156
144	-92.356
144.125	-92.39
144.25	-92.115
144.375	-91.373
144.5	-90.427
144.625	-89.914
144.75	-90.022
144.875	-90.304
145	-90.351
145.125	-90.171
145.25	-89.96
145.375	-89.83
145.5	-89.807
145.625	-89.871
145.75	-89.872
145.875	-89.659
146	-89.323
146.125	-89.065
146.25	-88.922
146.375	-88.818
146.5	-88.791
146.625	-88.845
146.75	-88.772
146.875	-88.482
147	-88.233
147.125	-88.311
147.25	-88.71
147.375	-89.081
147.5	-89.074
147.625	-88.83
147.75	-88.85
147.875	-89.364
148	-90.081
148.125	-90.578
148.25	-90.785
148.375	-90.881
148.5	-90.869
148.625	-90.627
148.75	-90.228
148.875	-89.92
149	-89.863
149.125	-90.005
149.25	-90.149
149.375	-90.15
149.5	-90.017
149.625	-89.919
149.75	-90.068
149.875	-90.447
150	-90.772
150.125	-90.879
150.25	-90.95
150.375	-91.188
150.5	-91.564
150.625	-91.943
150.75	-92.258
150.875	-92.576
151	-92.971
151.125	-93.307
151.25	-93.343
151.375	-93.13
151.5	-92.985
151.625	-93.052
151.75	-93.199
151.875	-93.299
152	-93.352
152.125	-93.4
152.25	-93.413
152.375	-93.323
152.5	-93.222
152.625	-93.352
152.75	-93.755
152.875	-94.161
153	-94.355
153.125	-94.457
153.25	-94.743
153.375	-95.268
153.5	-95.832
153.625	-96.283
153.75	-96.637
153.875	-96.898
154	-96.934
154.125	-96.563
154.25	-95.722
154.375	-94.539
154.5	-93.271
154.625	-92.167
154.75	-91.381
154.875	-90.988
155	-91.01
155.125	-91.335
155.25	-91.667
155.375	-91.746
155.5	-91.564
155.625	-91.31
155.75	-91.082
155.875	-90.719
156	-90.025
156.125	-89.105
156.25	-88.248
156.375	-87.663
156.5	-87.501
156.625	-87.785
156.75	-88.272
156.875	-88.643
157	-88.733
157.125	-88.53
157.25	-88.236
157.375	-88.215
157.5	-88.634
157.625	-89.255
157.75	-89.651
157.875	-89.638
158	-89.436
158.125	-89.356
158.25	-89.453
158.375	-89.635
158.5	-89.925
158.625	-90.37
158.75	-90.874
158.875	-91.334
159	-91.797
159.125	-92.307
159.25	-92.725
159.375	-92.816
159.5	-92.513
159.625	-92.064
159.75	-91.82
159.875	-91.8
160	-91.687
160.125	-91.248
160.25	-90.505
160.375	-89.635
160.5	-88.847
160.625	-88.267
160.75	-87.751
160.875	-86.951
161	-85.833
161.125	-84.767
161.25	-84.088
161.375	-83.89
161.5	-84.115
161.625	-84.679
161.75	-85.421
161.875	-86.09
162	-86.622
162.125	-87.193
162.25	-87.776
162.375	-88.086
162.5	-88.055
162.625	-87.937
162.75	-87.926
162.875	-87.893
163	-87.582
163.125	-86.984
163.25	-86.319
163.375	-85.718
163.5	-85.33
163.625	-85.496
163.75	-86.169
163.875	-86.649
164	-86.374
164.125	-85.533
164.25	-84.749
164.375	-84.316
164.5	-83.958
164.625	-83.568
164.75	-83.574
164.875	-84.022
165	-84.175
165.125	-83.483
165.25	-82.284
165.375	-81.383
165.5	-81.296
165.625	-81.816
165.75	-82.176
165.875	-81.738
166	-80.492
166.125	-78.903
166.25	-77.509
166.375	-76.567
166.5	-75.988
166.625	-75.539
166.75	-74.96
166.875	-74.147
167	-73.288
167.125	-72.513
167.25	-71.778
167.375	-71.232
167.5	-71.05
167.625	-70.932
167.75	-70.449
167.875	-69.685
168	-69.038
168.125	-68.633
168.25	-68.196
168.375	-67.433
168.5	-66.466
168.625	-65.714
168.75	-65.4
168.875	-65.342
169	-65.215
169.125	-64.914
169.25	-64.566
169.375	-64.211
169.5	-63.79
169.625	-63.421
169.75	-63.234
169.875	-63.099
170	-62.832
170.125	-62.321
170.25	-61.495
170.375	-60.534
170.5	-59.825
170.625	-59.604
170.75	-59.775
170.875	-59.872
171	-59.361
171.125	-58.259
171.25	-57.16
171.375	-56.563
171.5	-56.487
171.625	-56.715
171.75	-57.058
171.875	-57.33
172	-57.357
172.125	-57.125
172.25	-56.852
172.375	-56.811
172.5	-57.241
172.625	-58.237
172.75	-59.455
172.875	-60.305
173	-60.503
173.125	-60.303
173.25	-60.297
173.375	-60.904
173.5	-62.003
173.625	-63.093
173.75	-63.7
173.875	-63.699
174	-63.473
174.125	-63.586
174.25	-64.21
174.375	-65.039
174.5	-65.683
174.625	-65.939
174.75	-65.821
174.875	-65.546
175	-65.439
175.125	-65.632
175.25	-65.913
175.375	-66.044
175.5	-65.992
175.625	-65.778
175.75	-65.464
175.875	-65.253
176	-65.321
176.125	-65.649
176.25	-66.121
176.375	-66.656
176.5	-67.175
176.625	-67.565
176.75	-67.786
176.875	-67.906
177	-67.95
177.125	-67.828
177.25	-67.595
177.375	-67.621
177.5	-68.07
177.625	-68.48
177.75	-68.385
177.875	-68.008
178	-67.914
178.125	-68.35
178.25	-69.26
178.375	-70.546
178.5	-72.082
178.625	-73.739
178.75	-75.403
178.875	-76.929
179	-78.272
179.125	-79.441
179.25	-80.14
179.375	-79.908
179.5	-78.762
179.625	-77.412
179.75	-76.805
179.875	-77.336
180	-78.376
180.125	-78.835
180.25	-78.248
180.375	-77.263
180.5	-77.005
180.625	-77.778
180.75	-78.736
180.875	-79.039
181	-78.632
181.125	-77.835
181.25	-76.977
181.375	-76.362
181.5	-76.059
181.625	-75.86
181.75	-75.581
181.875	-75.183
182	-74.687
182.125	-74.224
182.25	-74.002
182.375	-74.053
182.5	-74.191
182.625	-74.257
182.75	-74.209
182.875	-74.076
183	-73.921
183.125	-73.796
183.25	-73.742
183.375	-73.814
183.5	-73.995
183.625	-74.145
183.75	-74.132
183.875	-73.917
184	-73.547
184.125	-73.125
184.25	-72.769
184.375	-72.566
184.5	-72.482
184.625	-72.386
184.75	-72.22
184.875	-71.982
185	-71.548
185.125	-70.78
185.25	-69.796
185.375	-68.872
185.5	-68.175
185.625	-67.767
185.75	-67.681
185.875	-67.766
186	-67.724
186.125	-67.412
186.25	-66.933
186.375	-66.455
186.5	-66.046
186.625	-65.706
186.75	-65.446
186.875	-65.24
187	-65.053
187.125	-64.951
187.25	-65.023
187.375	-65.136
187.5	-65.075
187.625	-64.881
187.75	-64.763
187.875	-64.782
188	-64.885
188.125	-65.096
188.25	-65.461
188.375	-65.914
188.5	-66.319
188.625	-66.554
188.75	-66.466
188.875	-66.029
189	-65.472
189.125	-64.957
189.25	-64.343
189.375	-63.481
189.5	-62.492
189.625	-61.63
189.75	-61.073
189.875	-60.783
190	-60.532
190.125	-60.343
190.25	-60.574
190.375	-61.211
190.5	-61.744
190.625	-61.965
190.75	-62.107
190.875	-62.27
191	-62.088
191.125	-61.003
191.25	-59.015
191.375	-56.993
191.5	-55.728
191.625	-55.011
191.75	-54.173
191.875	-53.074
192	-52.189
192.125	-51.862
192.25	-51.771
192.375	-51.253
192.5	-49.807
192.625	-47.418
192.75	-44.777
192.875	-42.721
193	-41.285
193.125	-39.996
193.25	-38.679
193.375	-37.479
193.5	-36.698
193.625	-36.464
193.75	-36.335
193.875	-35.59
194	-34.211
194.125	-33.259
194.25	-33.572
194.375	-34.609
194.5	-34.903
194.625	-33.368
194.75	-30.348
194.875	-27.264
195	-25.068
195.125	-23.635
195.25	-22.496
195.375	-21.293
195.5	-19.83
195.625	-18.384
195.75	-17.529
195.875	-17.243
196	-16.893
196.125	-16.298
196.25	-15.852
196.375	-15.485
196.5	-14.619
196.625	-13.32
196.75	-12.365
196.875	-11.999
197	-11.827
197.125	-11.851
197.25	-12.372
197.375	-13.177
197.5	-13.824
197.625	-14.148
197.75	-14.159
197.875	-14.108
198	-14.34
198.125	-14.765
198.25	-15.143
198.375	-15.762
198.5	-16.864
198.625	-17.843
198.75	-18.105
198.875	-18.305
199	-19.555
199.125	-21.569
199.25	-22.902
199.375	-22.96
199.5	-22.729
199.625	-23.5
199.75	-25.343
199.875	-27.049
200	-27.687
200.125	-27.655
200.25	-27.661
200.375	-27.737
200.5	-27.898
200.625	-28.605
200.75	-29.985
200.875	-31.459
201	-32.401
201.125	-32.559
201.25	-32.018
201.375	-31.412
201.5	-31.5
201.625	-32.201
201.75	-32.878
201.875	-33.311
202	-33.69
202.125	-34.153
202.25	-34.84
202.375	-35.93
202.5	-37.18
202.625	-38.055
202.75	-38.516
202.875	-38.971
203	-39.515
203.125	-39.791
203.25	-39.559
203.375	-39.172
203.5	-39.314
203.625	-40.178
203.75	-41.222
203.875	-41.907
204	-42.3
204.125	-42.675
204.25	-42.896
204.375	-42.684
204.5	-42.212
204.625	-41.879
204.75	-41.87
204.875	-42.319
205	-43.162
205.125	-43.844
205.25	-43.9
205.375	-43.585
205.5	-43.486
205.625	-43.811
205.75	-44.225
205.875	-44.214
206	-43.63
206.125	-42.833
206.25	-42.235
206.375	-41.845
206.5	-41.382
206.625	-40.745
206.75	-40.13
206.875	-39.712
207	-39.515
207.125	-39.522
207.25	-39.697
207.375	-39.918
207.5	-39.987
207.625	-39.766
207.75	-39.282
207.875	-38.697
208	-38.155
208.125	-37.714
208.25	-37.377
208.375	-37.12
208.5	-36.921
208.625	-36.755
208.75	-36.59
208.875	-36.449
209	-36.362
209.125	-36.306
209.25	-36.226
209.375	-36.119
209.5	-36.063
209.625	-36.111
209.75	-36.183
209.875	-36.155
210	-36
210.125	-35.823
210.25	-35.706
210.375	-35.479
210.5	-34.834
210.625	-33.808
210.75	-32.876
210.875	-32.398
211	-32.292
211.125	-32.309
211.25	-32.32
211.375	-32.298
211.5	-32.225
211.625	-32.119
211.75	-32.065
211.875	-32.126
212	-32.26
212.125	-32.406
212.25	-32.534
212.375	-32.568
212.5	-32.447
212.625	-32.269
212.75	-32.237
212.875	-32.425
213	-32.645
213.125	-32.647
213.25	-32.305
213.375	-31.517
213.5	-30.318
213.625	-29.129
213.75	-28.417
213.875	-28.248
214	-28.415
214.125	-28.722
214.25	-28.974
214.375	-28.9
214.5	-28.405
214.625	-27.786
214.75	-27.479
214.875	-27.654
215	-28.109
215.125	-28.552
215.25	-28.978
215.375	-29.594
215.5	-30.324
215.625	-30.736
215.75	-30.588
215.875	-30.109
216	-29.748
216.125	-29.809
216.25	-30.069
216.375	-30.112
216.5	-30.218
216.625	-30.963
216.75	-32.082
216.875	-32.814
217	-32.927
217.125	-32.735
217.25	-32.575
217.375	-32.548
217.5	-32.603
217.625	-32.735
217.75	-33.031
217.875	-33.577
218	-34.264
218.125	-34.758
218.25	-35.002
218.375	-35.385
218.5	-36.07
218.625	-36.72
218.75	-37.103
218.875	-37.377
219	-37.721
219.125	-38.197
219.25	-38.975
219.375	-40.156
219.5	-41.451
219.625	-42.562
219.75	-43.62
219.875	-45.005
220	-47.068
220.125	-49.984
220.25	-53.535
220.375	-57.188
220.5	-60.808
220.625	-64.472
220.75	-67.495
220.875	-69.172
221	-69.744
221.125	-69.864
221.25	-70.094
221.375	-70.721
221.5	-71.513
221.625	-71.929
221.75	-71.725
221.875	-71.198
222	-70.824
222.125	-70.805
222.25	-70.986
222.375	-71.048
222.5	-70.781
222.625	-70.245
222.75	-69.601
222.875	-68.968
223	-68.571
223.125	-68.587
223.25	-68.858
223.375	-69.095
223.5	-69.201
223.625	-69.185
223.75	-68.95
223.875	-68.52
224	-68.306
224.125	-68.686
224.25	-69.478
224.375	-70.135
224.5	-70.327
224.625	-70.088
224.75	-69.571
224.875	-69.026
225	-68.835
225.125	-69.228
225.25	-70.123
225.375	-71.259
225.5	-72.292
225.625	-72.98
225.75	-73.355
225.875	-73.606
226	-73.853
226.125	-74.092
226.25	-74.236
226.375	-74.21
226.5	-74.103
226.625	-74.046
226.75	-74.06
226.875	-74.18
227	-74.466
227.125	-74.789
227.25	-74.851
227.375	-74.379
227.5	-73.299
227.625	-71.891
227.75	-70.702
227.875	-70.08
228	-69.849
228.125	-69.567
228.25	-69.026
228.375	-68.369
228.5	-67.738
228.625	-67.054
228.75	-66.236
228.875	-65.433
229	-64.941
229.125	-64.951
229.25	-65.449
229.375	-66.293
229.5	-67.18
229.625	-67.662
229.75	-67.465
229.875	-66.803
230	-66.202
230.125	-65.982
230.25	-65.957
230.375	-65.628
230.5	-64.793
230.625	-63.983
230.75	-64.073
230.875	-65.304
231	-66.895
231.125	-67.778
231.25	-67.52
231.375	-66.425
231.5	-65.126
231.625	-64.156
231.75	-63.688
231.875	-63.539
232	-63.388
232.125	-63.076
232.25	-62.741
232.375	-62.506
232.5	-62.197
232.625	-61.521
232.75	-60.306
232.875	-58.599
233	-56.636
233.125	-54.708
233.25	-52.993
233.375	-51.551
233.5	-50.611
233.625	-50.414
233.75	-50.346
233.875	-49.225
234	-46.967
234.125	-44.797
234.25	-43.623
234.375	-43.186
234.5	-42.75
234.625	-41.977
234.75	-40.997
234.875	-39.969
235	-38.892
235.125	-37.842
235.25	-37.112
235.375	-36.927
235.5	-37.071
235.625	-37.087
235.75	-36.839
235.875	-36.473
236	-36.003
236.125	-35.407
236.25	-34.794
236.375	-34.231
236.5	-33.653
236.625	-33.064
236.75	-32.585
236.875	-32.216
237	-31.782
237.125	-31.139
237.25	-30.318
237.375	-29.449
237.5	-28.634
237.625	-27.918
237.75	-27.34
237.875	-26.882
238	-26.322
238.125	-25.326
238.25	-23.811
238.375	-22.182
238.5	-21.066
238.625	-20.665
238.75	-20.377
238.875	-19.389
239	-17.608
239.125	-15.667
239.25	-14.114
239.375	-13
239.5	-12.197
239.625	-11.648
239.75	-11.531
239.875	-12.296
240	-13.956
240.125	-15.659
240.25	-16.652
240.375	-17.131
240.5	-17.789
240.625	-18.988
240.75	-20.599
240.875	-22.32
241	-23.985
241.125	-25.649
241.25	-27.79
241.375	-31.742
241.5	-38.774
241.625	-47.846
241.75	-55.916
241.875	-61.006
242	-63.529
242.125	-65.056
242.25	-66.841
242.375	-68.975
242.5	-70.741
242.625	-71.721
242.75	-72.118
242.875	-72.321
243	-72.633
243.125	-73.141
243.25	-73.707
243.375	-74.123
243.5	-74.335
243.625	-74.554
243.75	-75.024
243.875	-75.785
244	-76.746
244.125	-77.735
244.25	-78.549
244.375	-79.142
244.5	-79.543
244.625	-79.705
244.75	-79.655
244.875	-79.58
245	-79.605
245.125	-79.695
245.25	-79.843
245.375	-80.131
245.5	-80.493
245.625	-80.707
245.75	-80.721
245.875	-80.675
246	-80.6
246.125	-80.404
246.25	-80.078
246.375	-79.741
246.5	-79.525
246.625	-79.478
246.75	-79.515
246.875	-79.467
247	-79.26
247.125	-79.067
247.25	-79.099
247.375	-79.288
247.5	-79.418
247.625	-79.454
247.75	-79.5
247.875	-79.519
248	-79.36
248.125	-79.14
248.25	-79.322
248.375	-80.149
248.5	-81.356
248.625	-82.535
248.75	-83.527
248.875	-84.407
249	-85.255
249.125	-86.026
249.25	-86.552
249.375	-86.638
249.5	-86.384
249.625	-86.204
249.75	-86.308
249.875	-86.51
250	-86.624
250.125	-86.691
250.25	-86.787
250.375	-86.92
250.5	-87.077
250.625	-87.217
250.75	-87.298
250.875	-87.326
251	-87.332
251.125	-87.33
251.25	-87.309
251.375	-87.206
251.5	-86.887
251.625	-86.271
251.75	-85.537
251.875	-84.993
252	-84.688
252.125	-84.421
252.25	-84.079
252.375	-83.734
252.5	-83.493
252.625	-83.385
252.75	-83.384
252.875	-83.487
253	-83.708
253.125	-84.019
253.25	-84.375
253.375	-84.799
253.5	-85.282
253.625	-85.664
253.75	-85.774
253.875	-85.649
254	-85.483
254.125	-85.417
254.25	-85.484
254.375	-85.657
254.5	-85.817
254.625	-85.816
254.75	-85.648
254.875	-85.435
255	-85.231
255.125	-85.012
255.25	-84.815
255.375	-84.732
255.5	-84.74
255.625	-84.707
255.75	-84.528
255.875	-84.247
256	-84.048
256.125	-83.958
256.25	-83.801
256.375	-83.619
256.5	-83.639
256.625	-83.814
256.75	-83.811
256.875	-83.402
257	-82.689
257.125	-81.992
257.25	-81.527
257.375	-81.24
257.5	-80.968
257.625	-80.643
257.75	-80.261
257.875	-79.767
258	-79.127
258.125	-78.374
258.25	-77.447
258.375	-76.31
258.5	-75.282
258.625	-74.718
258.75	-74.51
258.875	-74.401
259	-74.453
259.125	-74.79
259.25	-75.157
259.375	-75.126
259.5	-74.671
259.625	-74.25
259.75	-74.318
259.875	-74.904
260	-75.65
260.125	-76.21
260.25	-76.454
260.375	-76.373
260.5	-76.196
260.625	-76.341
260.75	-76.894
260.875	-77.534
261	-78.042
261.125	-78.487
261.25	-78.976
261.375	-79.411
261.5	-79.572
261.625	-79.484
261.75	-79.495
261.875	-79.855
262	-80.386
262.125	-80.748
262.25	-80.863
262.375	-80.888
262.5	-80.954
262.625	-81.085
262.75	-81.224
262.875	-81.325
263	-81.4
263.125	-81.438
263.25	-81.388
263.375	-81.279
263.5	-81.228
263.625	-81.268
263.75	-81.349
263.875	-81.479
264	-81.705
264.125	-82.004
264.25	-82.299
264.375	-82.548
264.5	-82.746
264.625	-82.921
264.75	-83.123
264.875	-83.399
265	-83.826
265.125	-84.523
265.25	-85.491
265.375	-86.455
265.5	-87.052
265.625	-87.234
265.75	-87.365
265.875	-88.05
266	-89.628
266.125	-91.411
266.25	-92.153
266.375	-91.725
266.5	-91.279
266.625	-91.663
266.75	-92.674
266.875	-93.685
267	-94.346
267.125	-94.755
267.25	-95.145
267.375	-95.595
267.5	-96.077
267.625	-96.541
267.75	-96.932
267.875	-97.218
268	-97.449
268.125	-97.735
268.25	-98.126
268.375	-98.589
268.5	-99.068
268.625	-99.497
268.75	-99.773
268.875	-99.809
269	-99.657
269.125	-99.488
269.25	-99.423
269.375	-99.447
269.5	-99.404
269.625	-99.128
269.75	-98.785
269.875	-98.798
270	-99.277
270.125	-99.941
270.25	-100.532
270.375	-100.914
270.5	-101.021
270.625	-101.009
270.75	-101.156
270.875	-101.515
271	-101.898
271.125	-102.133
271.25	-102.172
271.375	-102.068
271.5	-101.912
271.625	-101.754
271.75	-101.591
271.875	-101.458
272	-101.412
272.125	-101.492
272.25	-101.7
272.375	-101.968
272.5	-102.181
272.625	-102.282
272.75	-102.282
272.875	-102.175
273	-101.94
273.125	-101.624
273.25	-101.37
273.375	-101.271
273.5	-101.209
273.625	-100.959
273.75	-100.523
273.875	-100.135
274	-99.954
274.125	-99.964
274.25	-100.078
274.375	-100.183
274.5	-100.19
274.625	-100.118
274.75	-100.091
274.875	-100.191
275	-100.322
275.125	-100.302
275.25	-100.078
275.375	-99.711
275.5	-99.268
275.625	-98.864
275.75	-98.663
275.875	-98.697
276	-98.776
276.125	-98.632
276.25	-98.182
276.375	-97.627
276.5	-97.249
276.625	-97.125
276.75	-97.064
276.875	-96.824
277	-96.262
277.125	-95.306
277.25	-94.045
277.375	-92.85
277.5	-92.095
277.625	-91.783
277.75	-91.689
277.875	-91.69
278	-91.715
278.125	-91.611
278.25	-91.17
278.375	-90.31
278.5	-89.272
278.625	-88.432
278.75	-87.943
278.875	-87.658
279	-87.265
279.125	-86.636
279.25	-85.987
279.375	-85.561
279.5	-85.356
279.625	-85.227
279.75	-85.076
279.875	-84.904
280	-84.701
280.125	-84.381
280.25	-83.855
280.375	-83.108
280.5	-82.268
280.625	-81.574
280.75	-81.126
280.875	-80.753
281	-80.272
281.125	-79.728
281.25	-79.271
281.375	-78.979
281.5	-78.84
281.625	-78.851
281.75	-79.027
281.875	-79.254
282	-79.296
282.125	-78.989
282.25	-78.273
282.375	-77.264
282.5	-76.269
282.625	-75.471
282.75	-74.876
282.875	-74.511
283	-74.258
283.125	-73.719
283.25	-72.619
283.375	-71.177
283.5	-69.883
283.625	-69.015
283.75	-68.456
283.875	-67.873
284	-67.086
284.125	-66.185
284.25	-65.299
284.375	-64.477
284.5	-63.735
284.625	-62.969
284.75	-61.977
284.875	-60.673
285	-59.185
285.125	-57.861
285.25	-57.177
285.375	-57.224
285.5	-57.406
285.625	-57.039
285.75	-56.303
285.875	-55.939
286	-56.025
286.125	-55.94
286.25	-55.201
286.375	-53.859
286.5	-52.477
286.625	-51.593
286.75	-51.078
286.875	-50.46
287	-49.609
287.125	-48.789
287.25	-48.278
287.375	-48.051
287.5	-47.795
287.625	-47.266
287.75	-46.607
287.875	-46.119
288	-45.839
288.125	-45.648
288.25	-45.467
288.375	-45.116
288.5	-44.54
288.625	-44.047
288.75	-43.825
288.875	-43.578
289	-42.995
289.125	-42.273
289.25	-41.8
289.375	-41.493
289.5	-40.938
289.625	-40.089
289.75	-39.376
289.875	-39.122
290	-39.226
290.125	-39.491
290.25	-39.878
290.375	-40.267
290.5	-40.276
290.625	-39.681
290.75	-38.873
290.875	-38.5
291	-38.718
291.125	-39.042
291.25	-38.919
291.375	-38.266
291.5	-37.408
291.625	-36.778
291.75	-36.727
291.875	-37.217
292	-37.834
292.125	-38.299
292.25	-38.589
292.375	-38.606
292.5	-38.364
292.625	-38.195
292.75	-38.302
292.875	-38.551
293	-38.908
293.125	-39.561
293.25	-40.563
293.375	-41.954
293.5	-43.985
293.625	-46.501
293.75	-48.733
293.875	-50.22
294	-51.294
294.125	-52.304
294.25	-52.968
294.375	-53.039
294.5	-52.975
294.625	-53.371
294.75	-54.29
294.875	-55.429
295	-56.598
295.125	-57.859
295.25	-59.027
295.375	-59.581
295.5	-59.383
295.625	-58.877
295.75	-58.676
295.875	-59.196
296	-60.396
296.125	-61.725
296.25	-62.525
296.375	-62.718
296.5	-62.826
296.625	-63.216
296.75	-63.645
296.875	-63.7
297	-63.433
297.125	-63.267
297.25	-63.331
297.375	-63.278
297.5	-62.925
297.625	-62.626
297.75	-62.783
297.875	-63.363
298	-64.034
298.125	-64.51
298.25	-64.711
298.375	-64.709
298.5	-64.616
298.625	-64.557
298.75	-64.583
298.875	-64.61
299	-64.549
299.125	-64.448
299.25	-64.394
299.375	-64.397
299.5	-64.349
299.625	-64.062
299.75	-63.484
299.875	-62.824
300	-62.227
300.125	-61.484
300.25	-60.488
300.375	-59.681
300.5	-59.556
300.625	-60.032
300.75	-60.592
300.875	-60.795
301	-60.542
301.125	-60.046
301.25	-59.592
301.375	-59.27
301.5	-58.999
301.625	-58.778
301.75	-58.744
301.875	-58.955
302	-59.237
302.125	-59.353
302.25	-59.239
302.375	-58.945
302.5	-58.519
302.625	-58.011
302.75	-57.525
302.875	-57.2
303	-57.035
303.125	-56.786
303.25	-56.237
303.375	-55.523
303.5	-54.958
303.625	-54.581
303.75	-54.214
303.875	-53.846
304	-53.637
304.125	-53.647
304.25	-53.789
304.375	-53.979
304.5	-54.131
304.625	-54.076
304.75	-53.717
304.875	-53.169
305	-52.582
305.125	-51.991
305.25	-51.421
305.375	-51.009
305.5	-50.893
305.625	-51.012
305.75	-51.156
305.875	-51.182
306	-51.103
306.125	-51.021
306.25	-50.975
306.375	-50.894
306.5	-50.773
306.625	-50.694
306.75	-50.659
306.875	-50.633
307	-50.701
307.125	-50.942
307.25	-51.215
307.375	-51.318
307.5	-51.268
307.625	-51.256
307.75	-51.412
307.875	-51.8
308	-52.354
308.125	-52.673
308.25	-52.367
308.375	-51.712
308.5	-51.342
308.625	-51.311
308.75	-51.112
308.875	-50.507
309	-49.791
309.125	-49.339
309.25	-49.182
309.375	-49.109
309.5	-49.073
309.625	-49.154
309.75	-49.149
309.875	-48.716
310	-47.883
310.125	-47.083
310.25	-46.667
310.375	-46.564
310.5	-46.603
310.625	-46.819
310.75	-47.145
310.875	-47.254
311	-46.95
311.125	-46.286
311.25	-45.363
311.375	-44.352
311.5	-43.508
311.625	-42.954
311.75	-42.592
311.875	-42.259
312	-41.828
312.125	-41.282
312.25	-40.823
312.375	-40.731
312.5	-41.011
312.625	-41.308
312.75	-41.312
312.875	-41.017
313	-40.573
313.125	-40.09
313.25	-39.627
313.375	-39.244
313.5	-38.999
313.625	-38.905
313.75	-38.914
313.875	-38.932
314	-38.844
314.125	-38.622
314.25	-38.343
314.375	-38.102
314.5	-38.035
314.625	-38.274
314.75	-38.666
314.875	-38.792
315	-38.47
315.125	-37.977
315.25	-37.67
315.375	-37.614
315.5	-37.654
315.625	-37.694
315.75	-37.782
315.875	-37.944
316	-38.159
316.125	-38.479
316.25	-38.867
316.375	-39.005
316.5	-38.638
316.625	-37.981
316.75	-37.532
316.875	-37.556
317	-37.978
317.125	-38.676
317.25	-39.534
317.375	-40.303
317.5	-40.75
317.625	-40.902
317.75	-40.959
317.875	-41.164
318	-41.711
318.125	-42.388
318.25	-42.749
318.375	-42.877
318.5	-43.231
318.625	-43.901
318.75	-44.679
318.875	-45.442
319	-46.113
319.125	-46.447
319.25	-46.027
319.375	-44.98
319.5	-44.381
319.625	-44.744
319.75	-44.881
319.875	-43.492
320	-41.009
320.125	-38.751
320.25	-37.202
320.375	-36.158
320.5	-35.525
320.625	-35.201
320.75	-34.955
320.875	-34.679
321	-34.405
321.125	-34.109
321.25	-33.727
321.375	-33.323
321.5	-33.056
321.625	-32.997
321.75	-33.077
321.875	-33.14
322	-33.031
322.125	-32.712
322.25	-32.321
322.375	-32.055
322.5	-31.99
322.625	-32.04
322.75	-32.018
322.875	-31.745
323	-31.208
323.125	-30.575
323.25	-30.015
323.375	-29.474
323.5	-28.797
323.625	-28.092
323.75	-27.699
323.875	-27.75
324	-28.008
324.125	-28.029
324.25	-27.437
324.375	-26.307
324.5	-25.136
324.625	-24.282
324.75	-23.745
324.875	-23.414
325	-23.22
325.125	-23.09
325.25	-22.849
325.375	-22.317
325.5	-21.495
325.625	-20.506
325.75	-19.449
325.875	-18.319
326	-17.042
326.125	-15.732
326.25	-14.748
326.375	-14.371
326.5	-14.443
326.625	-14.388
326.75	-13.859
326.875	-13.17
327	-12.726
327.125	-12.599
327.25	-12.681
327.375	-12.771
327.5	-12.616
327.625	-12.106
327.75	-11.376
327.875	-10.721
328	-10.418
328.125	-10.537
328.25	-10.877
328.375	-11.189
328.5	-11.421
328.625	-11.621
328.75	-11.757
328.875	-11.79
329	-11.875
329.125	-12.181
329.25	-12.601
329.375	-12.907
329.5	-12.967
329.625	-12.804
329.75	-12.61
329.875	-12.595
330	-12.784
330.125	-12.929
330.25	-12.749
330.375	-12.406
330.5	-12.363
330.625	-12.686
330.75	-13.037
330.875	-13.141
331	-13.048
331.125	-13.065
331.25	-13.427
331.375	-14.064
331.5	-14.703
331.625	-15.139
331.75	-15.393
331.875	-15.59
332	-15.811
332.125	-16.144
332.25	-16.719
332.375	-17.531
332.5	-18.419
332.625	-19.271
332.75	-19.968
332.875	-20.171
333	-19.624
333.125	-18.581
333.25	-17.845
333.375	-18.9
333.5	-23.837
333.625	-33.709
333.75	-46.351
333.875	-57.764
334	-65.852
334.125	-70.526
334.25	-72.425
334.375	-73.34
334.5	-75.194
334.625	-78.18
334.75	-81.104
334.875	-82.973
335	-83.777
335.125	-84.135
335.25	-84.486
335.375	-84.877
335.5	-85.218
335.625	-85.395
335.75	-85.431
335.875	-85.645
336	-86.309
336.125	-87.174
336.25	-87.7
336.375	-87.801
336.5	-87.975
336.625	-88.602
336.75	-89.51
336.875	-90.33
337	-90.919
337.125	-91.364
337.25	-91.835
337.375	-92.414
337.5	-93.001
337.625	-93.471
337.75	-93.902
337.875	-94.474
338	-95.241
338.125	-96.132
338.25	-97.002
338.375	-97.758
338.5	-98.536
338.625	-99.574
338.75	-100.998
338.875	-102.794
339	-104.668
339.125	-106.05
339.25	-106.572
339.375	-106.364
339.5	-105.885
339.625	-105.594
339.75	-105.673
339.875	-105.954
340	-106.165
340.125	-106.286
340.25	-106.489
340.375	-106.872
340.5	-107.359
340.625	-107.755
340.75	-107.974
340.875	-108.016
341	-107.795
341.125	-107.352
341.25	-106.951
341.375	-106.723
341.5	-106.577
341.625	-106.472
341.75	-106.442
341.875	-106.446
342	-106.389
342.125	-106.279
342.25	-106.227
342.375	-106.26
342.5	-106.305
342.625	-106.319
342.75	-106.289
342.875	-106.176
343	-105.94
343.125	-105.624
343.25	-105.371
343.375	-105.279
343.5	-105.243
343.625	-105.059
343.75	-104.693
343.875	-104.238
344	-103.729
344.125	-103.19
344.25	-102.67
344.375	-102.115
344.5	-101.358
344.625	-100.34
344.75	-99.214
344.875	-98.108
345	-96.952
345.125	-95.507
345.25	-93.695
345.375	-91.945
345.5	-90.795
345.625	-90.217
345.75	-89.767
345.875	-89.145
346	-88.382
346.125	-87.706
346.25	-87.34
346.375	-87.276
346.5	-87.28
346.625	-87.195
346.75	-87.033
346.875	-86.778
347	-86.422
347.125	-86.099
347.25	-85.929
347.375	-85.864
347.5	-85.713
347.625	-85.27
347.75	-84.599
347.875	-84.084
348	-83.956
348.125	-84.031
348.25	-84.085
348.375	-84.151
348.5	-84.288
348.625	-84.336
348.75	-84.12
348.875	-83.733
349	-83.441
349.125	-83.409
349.25	-83.537
349.375	-83.596
349.5	-83.531
349.625	-83.409
349.75	-83.232
349.875	-83.046
350	-82.976
350.125	-83.113
350.25	-83.451
350.375	-83.852
350.5	-84.146
350.625	-84.283
350.75	-84.324
350.875	-84.333
351	-84.34
351.125	-84.369
351.25	-84.45
351.375	-84.591
351.5	-84.755
351.625	-84.921
351.75	-85.119
351.875	-85.368
352	-85.663
352.125	-85.962
352.25	-86.19
352.375	-86.341
352.5	-86.52
352.625	-86.856
352.75	-87.367
352.875	-87.917
353	-88.312
353.125	-88.408
353.25	-88.216
353.375	-87.957
353.5	-87.885
353.625	-88.017
353.75	-88.184
353.875	-88.259
354	-88.234
354.125	-88.212
354.25	-88.409
354.375	-88.994
354.5	-89.825
354.625	-90.521
354.75	-90.867
354.875	-90.962
355	-90.958
355.125	-90.861
355.25	-90.686
355.375	-90.591
355.5	-90.753
355.625	-91.192
355.75	-91.728
355.875	-92.194
356	-92.577
356.125	-92.815
356.25	-92.833
356.375	-92.716
356.5	-92.528
356.625	-92.239
356.75	-91.96
356.875	-91.884
357	-92.009
357.125	-92.139
357.25	-92.09
357.375	-91.772
357.5	-91.209
357.625	-90.558
357.75	-89.999
357.875	-89.591
358	-89.337
358.125	-89.265
358.25	-89.342
358.375	-89.454
358.5	-89.53
358.625	-89.619
358.75	-89.731
358.875	-89.639
359	-89.082
359.125	-88.128
359.25	-87.133
359.375	-86.46
359.5	-86.278
359.625	-86.439
359.75	-86.587
359.875	-86.4
360	-85.791
360.125	-85.06
360.25	-84.565
360.375	-84.232
360.5	-83.71
360.625	-82.766
360.75	-81.464
360.875	-80.215
361	-79.462
361.125	-79.21
361.25	-79.194
361.375	-79.28
361.5	-79.375
361.625	-79.251
361.75	-78.779
361.875	-78.208
362	-77.93
362.125	-77.92
362.25	-77.779
362.375	-77.315
362.5	-76.675
362.625	-76.01
362.75	-75.355
362.875	-74.77
363	-74.344
363.125	-74.063
363.25	-73.783
363.375	-73.436
363.5	-73.163
363.625	-73.127
363.75	-73.27
363.875	-73.337
364	-73.147
364.125	-72.8
364.25	-72.517
364.375	-72.375
364.5	-72.299
364.625	-72.182
364.75	-71.96
364.875	-71.656
365	-71.333
365.125	-71.01
365.25	-70.699
365.375	-70.444
365.5	-70.232
365.625	-70.012
365.75	-69.815
365.875	-69.733
366	-69.745
366.125	-69.726
366.25	-69.552
366.375	-69.173
366.5	-68.657
366.625	-68.126
366.75	-67.666
366.875	-67.338
367	-67.137
367.125	-66.923
367.25	-66.598
367.375	-66.316
367.5	-66.256
367.625	-66.31
367.75	-66.246
367.875	-66.048
368	-65.908
368.125	-65.86
368.25	-65.731
368.375	-65.484
368.5	-65.343
368.625	-65.439
368.75	-65.549
368.875	-65.332
369	-64.712
369.125	-63.894
369.25	-63.135
369.375	-62.581
369.5	-62.195
369.625	-61.87
369.75	-61.605
369.875	-61.402
370	-61.184
370.125	-60.98
370.25	-60.853
370.375	-60.615
370.5	-60.101
370.625	-59.658
370.75	-59.827
370.875	-60.523
371	-61.111
371.125	-61.207
371.25	-60.777
371.375	-59.768
371.5	-58.288
371.625	-56.927
371.75	-56.412
371.875	-56.926
372	-57.892
372.125	-58.495
372.25	-58.468
372.375	-58.261
372.5	-58.382
372.625	-58.789
372.75	-59.014
372.875	-58.765
373	-58.248
373.125	-57.79
373.25	-57.357
373.375	-56.718
373.5	-55.926
373.625	-55.298
373.75	-55.036
373.875	-55.172
374	-55.766
374.125	-56.791
374.25	-57.908
374.375	-58.682
374.5	-58.931
374.625	-58.648
374.75	-57.985
374.875	-57.297
375	-56.832
375.125	-56.594
375.25	-56.499
375.375	-56.317
375.5	-55.824
375.625	-55.195
375.75	-54.771
375.875	-54.638
376	-54.797
376.125	-55.311
376.25	-56.034
376.375	-56.543
376.5	-56.546
376.625	-56.126
376.75	-55.541
376.875	-54.985
377	-54.466
377.125	-53.979
377.25	-53.678
377.375	-53.601
377.5	-53.507
377.625	-53.074
377.75	-52.238
377.875	-51.405
378	-51.06
378.125	-51.211
378.25	-51.474
378.375	-51.602
378.5	-51.611
378.625	-51.515
378.75	-51.283
378.875	-51.01
379	-50.856
379.125	-50.82
379.25	-50.678
379.375	-50.269
379.5	-49.779
379.625	-49.452
379.75	-49.246
379.875	-48.939
380	-48.387
380.125	-47.643
380.25	-46.843
380.375	-46.082
380.5	-45.503
380.625	-45.329
380.75	-45.573
380.875	-45.848
381	-45.653
381.125	-44.827
381.25	-43.831
381.375	-43.37
381.5	-43.582
381.625	-43.975
381.75	-44.13
381.875	-44.093
382	-44.069
382.125	-44.111
382.25	-44.174
382.375	-44.155
382.5	-43.959
382.625	-43.678
382.75	-43.438
382.875	-43.237
383	-43.162
383.125	-43.364
383.25	-43.709
383.375	-43.868
383.5	-43.742
383.625	-43.583
383.75	-43.688
383.875	-44.034
384	-44.289
384.125	-44.13
384.25	-43.602
384.375	-43.055
384.5	-42.637
384.625	-42.294
384.75	-42.189
384.875	-42.433
385	-42.76
385.125	-42.869
385.25	-42.687
385.375	-42.357
385.5	-42.127
385.625	-41.942
385.75	-41.405
385.875	-40.485
386	-39.725
386.125	-39.547
386.25	-39.837
386.375	-40.206
386.5	-40.388
386.625	-40.383
386.75	-40.281
386.875	-40.071
387	-39.706
387.125	-39.256
387.25	-38.868
387.375	-38.709
387.5	-38.988
387.625	-39.651
387.75	-40.183
387.875	-40.256
388	-40.273
388.125	-40.769
388.25	-41.617
388.375	-42.171
388.5	-42.103
388.625	-41.801
388.75	-41.773
388.875	-42
389	-42.098
389.125	-41.85
389.25	-41.376
389.375	-40.972
389.5	-40.912
389.625	-41.204
389.75	-41.509
389.875	-41.568
390	-41.577
390.125	-41.697
390.25	-41.648
390.375	-41.23
390.5	-40.678
390.625	-40.35
390.75	-40.341
390.875	-40.486
391	-40.643
391.125	-40.803
391.25	-40.991
391.375	-41.176
391.5	-41.236
391.625	-41.127
391.75	-40.969
391.875	-40.868
392	-40.812
392.125	-40.746
392.25	-40.649
392.375	-40.51
392.5	-40.26
392.625	-39.865
392.75	-39.447
392.875	-39.199
393	-39.236
393.125	-39.42
393.25	-39.416
393.375	-39.02
393.5	-38.258
393.625	-37.341
393.75	-36.609
393.875	-36.299
394	-36.342
394.125	-36.413
394.25	-36.225
394.375	-35.773
394.5	-35.316
394.625	-35.078
394.75	-34.985
394.875	-34.85
395	-34.642
395.125	-34.372
395.25	-33.99
395.375	-33.492
395.5	-32.964
395.625	-32.54
395.75	-32.328
395.875	-32.333
396	-32.388
396.125	-32.281
396.25	-32.089
396.375	-32.068
396.5	-32.229
396.625	-32.362
396.75	-32.296
396.875	-32.008
397	-31.596
397.125	-31.155
397.25	-30.689
397.375	-30.139
397.5	-29.538
397.625	-29.027
397.75	-28.697
397.875	-28.536
398	-28.452
398.125	-28.264
398.25	-27.801
398.375	-26.995
398.5	-25.868
398.625	-24.557
398.75	-23.336
398.875	-22.466
399	-21.866
399.125	-21.226
399.25	-20.585
399.375	-20.29
399.5	-20.437
399.625	-20.83
399.75	-21.083
399.875	-20.713
400	-19.722
400.125	-18.774
400.25	-18.236
400.375	-17.766
400.5	-17.125
400.625	-16.491
400.75	-16.052
400.875	-15.857
401	-15.842
401.125	-15.802
401.25	-15.488
401.375	-14.833
401.5	-13.987
401.625	-12.999
401.75	-11.826
401.875	-10.632
402	-9.573
402.125	-8.633
402.25	-7.976
402.375	-7.861
402.5	-8.179
402.625	-8.562
402.75	-8.776
402.875	-8.744
403	-8.381
403.125	-7.71
403.25	-7.012
403.375	-6.677
403.5	-6.771
403.625	-6.921
403.75	-6.844
403.875	-6.681
404	-6.63
404.125	-6.652
404.25	-6.659
404.375	-6.663
404.5	-6.673
404.625	-6.67
404.75	-6.693
404.875	-6.752
405	-6.796
405.125	-6.778
405.25	-6.654
405.375	-6.396
405.5	-6.11
405.625	-6.024
405.75	-6.274
405.875	-6.811
406	-7.461
406.125	-7.988
406.25	-8.368
406.375	-8.891
406.5	-9.606
406.625	-10.053
406.75	-9.973
406.875	-9.737
407	-9.823
407.125	-10.261
407.25	-10.721
407.375	-10.916
407.5	-10.853
407.625	-10.785
407.75	-10.898
407.875	-11.091
408	-11.205
408.125	-11.285
408.25	-11.51
408.375	-11.902
408.5	-12.282
408.625	-12.583
408.75	-12.932
408.875	-13.408
409	-13.986
409.125	-14.545
409.25	-14.877
409.375	-14.875
409.5	-14.647
409.625	-14.367
409.75	-14.127
409.875	-13.963
410	-13.899
410.125	-13.921
410.25	-13.976
410.375	-14.004
410.5	-14.029
410.625	-14.113
410.75	-14.231
410.875	-14.335
411	-14.45
411.125	-14.625
411.25	-14.871
411.375	-15.178
411.5	-15.538
411.625	-15.941
411.75	-16.369
411.875	-16.724
412	-16.878
412.125	-16.883
412.25	-16.983
412.375	-17.411
412.5	-18.113
412.625	-18.749
412.75	-19.15
412.875	-19.514
413	-19.99
413.125	-20.401
413.25	-20.498
413.375	-20.223
413.5	-19.74
413.625	-19.373
413.75	-19.341
413.875	-19.563
414	-19.782
414.125	-19.796
414.25	-19.586
414.375	-19.266
414.5	-18.975
414.625	-18.885
414.75	-19.054
414.875	-19.315
415	-19.539
415.125	-19.73
415.25	-19.841
415.375	-19.793
415.5	-19.56
415.625	-19.151
415.75	-18.717
415.875	-18.509
416	-18.591
416.125	-18.831
416.25	-19.135
416.375	-19.548
416.5	-20.143
416.625	-20.845
416.75	-21.414
416.875	-21.712
417	-21.812
417.125	-21.846
417.25	-21.913
417.375	-22.109
417.5	-22.5
417.625	-23.044
417.75	-23.648
417.875	-24.207
418	-24.556
418.125	-24.6
418.25	-24.518
418.375	-24.571
418.5	-24.754
418.625	-24.945
418.75	-25.191
418.875	-25.52
419	-25.848
419.125	-26.227
419.25	-26.736
419.375	-27.312
419.5	-27.88
419.625	-28.417
419.75	-28.927
419.875	-29.485
420	-30.153
420.125	-30.912
420.25	-31.668
420.375	-32.277
420.5	-32.652
420.625	-32.819
420.75	-32.816
420.875	-32.647
421	-32.454
421.125	-32.507
421.25	-32.971
421.375	-33.789
421.5	-34.709
421.625	-35.443
421.75	-35.936
421.875	-36.315
422	-36.628
422.125	-36.844
422.25	-36.971
422.375	-37.06
422.5	-37.259
422.625	-37.753
422.75	-38.523
422.875	-39.349
423	-40.068
423.125	-40.687
423.25	-41.34
423.375	-42.242
423.5	-43.426
423.625	-44.614
423.75	-45.622
423.875	-46.569
424	-47.57
424.125	-48.516
424.25	-49.202
424.375	-49.549
424.5	-49.675
424.625	-49.772
424.75	-49.912
424.875	-50.074
425	-50.386
425.125	-51.017
425.25	-51.778
425.375	-52.208
425.5	-52.164
425.625	-51.939
425.75	-51.725
425.875	-51.489
426	-51.389
426.125	-51.671
426.25	-52.211
426.375	-52.686
426.5	-52.95
426.625	-52.989
426.75	-52.859
426.875	-52.737
427	-52.71
427.125	-52.6
427.25	-52.261
427.375	-51.813
427.5	-51.412
427.625	-51.029
427.75	-50.686
427.875	-50.789
428	-51.708
428.125	-52.972
428.25	-53.665
428.375	-53.637
428.5	-53.451
428.625	-53.348
428.75	-53.053
428.875	-52.571
429	-52.537
429.125	-54.212
429.25	-59.887
429.375	-71.098
429.5	-84.99
429.625	-95.974
429.75	-101.796
429.875	-104.36
430	-105.686
430.125	-106.14
430.25	-105.738
430.375	-105.103
430.5	-104.975
430.625	-105.597
430.75	-106.666
430.875	-107.652
431	-108.23
431.125	-108.498
431.25	-108.725
431.375	-109.025
431.5	-109.385
431.625	-109.85
431.75	-110.476
431.875	-111.181
432	-111.775
432.125	-112.139
432.25	-112.325
432.375	-112.484
432.5	-112.749
432.625	-113.163
432.75	-113.706
432.875	-114.326
433	-114.924
433.125	-115.387
433.25	-115.661
433.375	-115.761
433.5	-115.752
433.625	-115.734
433.75	-115.814
433.875	-116.004
434	-116.189
434.125	-116.291
434.25	-116.325
434.375	-116.332
434.5	-116.333
434.625	-116.333
434.75	-116.333
434.875	-116.333
435	-116.333
435.125	-116.333
435.25	-116.333
435.375	-116.333
435.5	-116.333
435.625	-116.333
435.75	-116.332
435.875	-116.325
436	-116.29
436.125	-116.182
436.25	-115.968
436.375	-115.699
436.5	-115.484
436.625	-115.368
436.75	-115.298
436.875	-115.182
437	-114.96
437.125	-114.656
437.25	-114.334
437.375	-114.018
437.5	-113.742
437.625	-113.594
437.75	-113.591
437.875	-113.61
438	-113.548
438.125	-113.434
438.25	-113.325
438.375	-113.188
438.5	-112.961
438.625	-112.656
438.75	-112.333
438.875	-112.01
439	-111.699
439.125	-111.443
439.25	-111.225
439.375	-110.976
439.5	-110.699
439.625	-110.477
439.75	-110.333
439.875	-110.189
440	-109.961
440.125	-109.655
440.25	-109.326
440.375	-108.975
440.5	-108.591
440.625	-108.229
440.75	-107.964
440.875	-107.804
441	-107.742
441.125	-107.807
441.25	-107.961
441.375	-108.037
441.5	-107.917
441.625	-107.639
441.75	-107.282
441.875	-106.825
442	-106.233
442.125	-105.637
442.25	-105.259
442.375	-105.17
442.5	-105.234
442.625	-105.3
442.75	-105.326
442.875	-105.332
443	-105.333
443.125	-105.333
443.25	-105.334
443.375	-105.341
443.5	-105.376
443.625	-105.485
443.75	-105.699
443.875	-105.968
444	-106.183
444.125	-106.299
444.25	-106.368
444.375	-106.484
444.5	-106.699
444.625	-106.969
444.75	-107.19
444.875	-107.332
445	-107.469
445.125	-107.663
445.25	-107.859
445.375	-107.968
445.5	-108.022
445.625	-108.111
445.75	-108.224
445.875	-108.298
446	-108.326
446.125	-108.333
446.25	-108.341
446.375	-108.377
446.5	-108.493
446.625	-108.742
446.75	-109.119
446.875	-109.548
447	-109.925
447.125	-110.174
447.25	-110.29
447.375	-110.333
447.5	-110.375
447.625	-110.485
447.75	-110.7
447.875	-110.976
448	-111.225
448.125	-111.442
448.25	-111.691
448.375	-111.967
448.5	-112.182
448.625	-112.29
448.75	-112.325
448.875	-112.333
449	-112.341
449.125	-112.376
449.25	-112.485
449.375	-112.699
449.5	-112.969
449.625	-113.191
449.75	-113.341
449.875	-113.519
450	-113.849
450.125	-114.333
450.25	-114.816
450.375	-115.138
450.5	-115.274
450.625	-115.282
450.75	-115.189
450.875	-115.012
451	-114.858
451.125	-114.893
451.25	-115.162
451.375	-115.555
451.5	-115.918
451.625	-116.13
451.75	-116.131
451.875	-115.926
452	-115.597
452.125	-115.306
452.25	-115.224
452.375	-115.383
452.5	-115.638
452.625	-115.836
452.75	-115.918
452.875	-115.85
453	-115.663
453.125	-115.477
453.25	-115.376
453.375	-115.347
453.5	-115.36
453.625	-115.391
453.75	-115.354
453.875	-115.086
454	-114.548
454.125	-113.958
454.25	-113.561
454.375	-113.384
454.5	-113.309
454.625	-113.233
454.75	-113.155
454.875	-113.179
455	-113.359
455.125	-113.555
455.25	-113.565
455.375	-113.358
455.5	-113.183
455.625	-113.396
455.75	-113.938
455.875	-114.224
456	-113.86
456.125	-113.122
456.25	-112.525
456.375	-112.194
456.5	-111.915
456.625	-111.551
456.75	-111.152
456.875	-110.842
457	-110.664
457.125	-110.496
457.25	-110.197
457.375	-109.842
457.5	-109.619
457.625	-109.546
457.75	-109.409
457.875	-108.988
458	-108.282
458.125	-107.469
458.25	-106.714
458.375	-106.062
458.5	-105.529
458.625	-105.182
458.75	-105.011
458.875	-104.86
459	-104.622
459.125	-104.326
459.25	-104.01
459.375	-103.707
459.5	-103.485
459.625	-103.369
459.75	-103.306
459.875	-103.218
460	-103.076
460.125	-102.913
460.25	-102.753
460.375	-102.582
460.5	-102.407
460.625	-102.217
460.75	-101.967
460.875	-101.657
461	-101.333
461.125	-101.01
461.25	-100.699
461.375	-100.444
461.5	-100.232
461.625	-100.01
461.75	-99.799
461.875	-99.648
462	-99.451
462.125	-99.038
462.25	-98.434
462.375	-97.834
462.5	-97.34
462.625	-96.868
462.75	-96.342
462.875	-95.847
463	-95.497
463.125	-95.23
463.25	-94.83
463.375	-94.21
463.5	-93.642
463.625	-93.454
463.75	-93.562
463.875	-93.614
464	-93.347
464.125	-92.671
464.25	-91.741
464.375	-90.933
464.5	-90.535
464.625	-90.501
464.75	-90.581
464.875	-90.543
465	-90.217
465.125	-89.678
465.25	-89.293
465.375	-89.236
465.5	-89.303
465.625	-89.354
465.75	-89.46
465.875	-89.587
466	-89.555
466.125	-89.264
466.25	-88.827
466.375	-88.477
466.5	-88.259
466.625	-88.075
466.75	-88.05
466.875	-88.371
467	-88.854
467.125	-89.118
467.25	-89.038
467.375	-88.758
467.5	-88.481
467.625	-88.418
467.75	-88.648
467.875	-88.958
468	-89.076
468.125	-88.939
468.25	-88.659
468.375	-88.359
468.5	-88.09
468.625	-87.899
468.75	-87.908
468.875	-88.13
469	-88.247
469.125	-88.036
469.25	-87.777
469.375	-87.658
469.5	-87.425
469.625	-86.894
469.75	-86.207
469.875	-85.653
470	-85.34
470.125	-85.05
470.25	-84.568
470.375	-83.984
470.5	-83.501
470.625	-83.229
470.75	-83.084
470.875	-82.781
471	-82.17
471.125	-81.478
471.25	-81.101
471.375	-81.155
471.5	-81.312
471.625	-81.196
471.75	-80.784
471.875	-80.332
472	-79.971
472.125	-79.501
472.25	-78.886
472.375	-78.538
472.5	-78.667
472.625	-79.008
472.75	-79.301
472.875	-79.432
473	-79.346
473.125	-79.036
473.25	-78.464
473.375	-77.674
473.5	-76.921
473.625	-76.63
473.75	-77.081
473.875	-77.852
474	-78.201
474.125	-77.979
474.25	-77.423
474.375	-76.675
474.5	-75.962
474.625	-75.56
474.75	-75.364
474.875	-74.99
475	-74.367
475.125	-73.84
475.25	-73.684
475.375	-73.879
475.5	-74.273
475.625	-74.648
475.75	-74.62
475.875	-73.925
476	-72.873
476.125	-72.03
476.25	-71.662
476.375	-71.632
476.5	-71.591
476.625	-71.357
476.75	-70.923
476.875	-70.13
477	-68.897
477.125	-67.509
477.25	-66.352
477.375	-65.51
477.5	-64.756
477.625	-63.834
477.75	-62.716
477.875	-61.788
478	-61.501
478.125	-61.704
478.25	-61.816
478.375	-61.424
478.5	-60.487
478.625	-59.23
478.75	-57.749
478.875	-55.859
479	-53.888
479.125	-52.87
479.25	-53.12
479.375	-53.738
479.5	-53.796
479.625	-52.988
479.75	-51.438
479.875	-49.469
480	-47.505
480.125	-46.003
480.25	-44.977
480.375	-44.109
480.5	-43.495
480.625	-43.206
480.75	-42.776
480.875	-41.749
481	-39.957
481.125	-37.653
481.25	-35.677
481.375	-34.827
481.5	-35.104
481.625	-35.746
481.75	-35.873
481.875	-35.362
482	-34.843
482.125	-34.571
482.25	-34.104
482.375	-33.105
482.5	-31.595
482.625	-29.864
482.75	-28.376
482.875	-27.556
483	-27.541
483.125	-27.657
483.25	-26.862
483.375	-25.285
483.5	-24.157
483.625	-24.072
483.75	-24.412
483.875	-24.451
484	-24.109
484.125	-23.517
484.25	-22.616
484.375	-21.529
484.5	-20.621
484.625	-20.043
484.75	-19.648
484.875	-19.307
485	-19.071
485.125	-19.242
485.25	-20.011
485.375	-20.905
485.5	-21.304
485.625	-21.134
485.75	-20.687
485.875	-20.434
486	-20.817
486.125	-21.913
486.25	-23.351
486.375	-24.576
486.5	-25.357
486.625	-25.911
486.75	-26.642
486.875	-27.871
487	-29.27
487.125	-30.074
487.25	-30.232
487.375	-30.288
487.5	-30.565
487.625	-31.229
487.75	-32.257
487.875	-33.179
488	-33.621
488.125	-33.897
488.25	-34.503
488.375	-35.438
488.5	-36.336
488.625	-36.966
488.75	-37.344
488.875	-37.448
489	-37.218
489.125	-36.943
489.25	-37.092
489.375	-37.657
489.5	-38.245
489.625	-38.754
489.75	-39.354
489.875	-39.933
490	-40.13
490.125	-39.906
490.25	-39.664
490.375	-39.76
490.5	-40.133
490.625	-40.435
490.75	-40.417
490.875	-40.146
491	-39.944
491.125	-40.051
491.25	-40.355
491.375	-40.624
491.5	-40.855
491.625	-41.195
491.75	-41.558
491.875	-41.627
492	-41.387